   5843.41413373517       3.950888265311337E-025
   6309.57344480193       6.397460554751377E-024
   6812.92069057961       8.453185186489843E-023
   7356.42254459641       9.253770930541420E-022
   7943.28234724281       8.511311033737586E-021
   8576.95898590895       6.663313870853903E-020
   9261.18728128794       4.493787034343146E-019
   10000.0000000000       2.639863983790305E-018
   10797.7516232771       1.364742590680988E-017
   11659.1440117983       6.268089961730405E-017
   12589.2541179417       2.580105346496534E-016
   13593.5639087852       9.595576386830809E-016
   14677.9926762207       3.248503611343286E-015
   15848.9319246111       1.008035813124472E-014
   17113.2830416178       2.885521135733075E-014
   18478.4979742229       7.664698504637991E-014
   19952.6231496888       1.899603433009447E-013
   21544.3469003189       4.414941048777613E-013
   23263.0506715363       9.667495136815326E-013
   25118.8643150958       2.003139865841024E-012
   27122.7257933203       3.943277161595922E-012
   29286.4456462524       7.402219441551772E-012
   31622.7766016838       1.329578271305163E-011
   34145.4887383360       2.292393752720720E-011
   36869.4506451957       3.805040415441666E-011
   39810.7170553497       6.096747634422833E-011
   42986.6234708227       9.453438218598849E-011
   46415.8883361277       1.421784243559097E-010
   50118.7233627273       2.078507007837285E-010
   54116.9526546464       2.959320500989205E-010
   58434.1413373517       4.110894353539986E-010
   63095.7344480193       5.580876350924785E-010
   68129.2069057962       7.415652731910261E-010
   73564.2254459642       9.657874718879888E-010
   79432.8234724282       1.234389546946417E-009
   85769.5898590895       1.550127159156326E-009
   92611.8728128794       1.914648295556851E-009
   100000.000000000       2.328301523974121E-009
   107977.516232771       2.789993271811066E-009
   116591.440117983       3.297104501639385E-009
   125892.541179417       3.845474135070869E-009
   135935.639087852       4.429452967415220E-009
   146779.926762207       5.042027738987970E-009
   158489.319246111       5.675010706415465E-009
   171132.830416178       6.319285813737413E-009
   184784.979742229       6.965098789661336E-009
   199526.231496888       7.602375587037884E-009
   215443.469003189       8.221051855712010E-009
   232630.506715363       8.811395790860896E-009
   251188.643150958       9.364307750193362E-009
   271227.257933203       9.871582341298987E-009
   292864.456462524       1.032612196068416E-008
   316227.766016838       1.072209464195998E-008
   341454.887383360       1.105503313154220E-008
   368694.506451957       1.132187596832365E-008
   398107.170553497       1.152095468093467E-008
   429866.234708227       1.165193381353955E-008
   464158.883361277       1.171571223953583E-008
   501187.233627272       1.171429511543595E-008
   541169.526546464       1.165064594084212E-008
   584341.413373518       1.152852765786374E-008
   630957.344480193       1.135234070867720E-008
   681292.069057962       1.112696464589703E-008
   735642.254459642       1.085760842125398E-008
   794328.234724282       1.054967300707470E-008
   857695.898590895       1.020862864649380E-008
   926118.728128794       9.839907862488381E-009
   1000000.00000000       9.448814427787183E-009
   1079775.16232771       9.040447819299046E-009
   1165914.40117983       8.619642235929428E-009
   1258925.41179417       8.190919011373258E-009
   1359356.39087853       7.758451156499318E-009
   1467799.26762207       7.326038769674658E-009
   1584893.19246111       6.897094113034709E-009
   1711328.30416178       6.474635233019148E-009
   1847849.79742229       6.061287080844850E-009
   1995262.31496888       5.659289150763466E-009
   2154434.69003188       5.270508698112008E-009
   2326305.06715362       4.896458629056744E-009
   2511886.43150958       4.538319176710463E-009
   2712272.57933203       4.196962502008983E-009
   2928644.56462524       3.872979389193516E-009
   3162277.66016838       3.566707249606796E-009
   3414548.87383360       3.278258705712953E-009
   3686945.06451957       3.007550099318976E-009
   3981071.70553497       2.754329351480210E-009
   4298662.34708228       2.518202692857034E-009
   4641588.83361278       2.298659878136261E-009
   5011872.33627272       2.095097592350263E-009
   5411695.26546464       1.906840846786856E-009
   5843414.13373518       1.733162244680717E-009
   6309573.44480193       1.573299069859731E-009
   6812920.69057961       1.426468213688760E-009
   7356422.54459641       1.291879006495421E-009
   7943282.34724282       1.168744059314843E-009
   8576958.98590895       1.056288250900416E-009
   9261187.28128794       9.537560145168121E-010
   10000000.0000000       8.604170902832346E-010
   10797751.6232771       7.755709130894463E-010
   11659144.0117983       6.985498046946206E-010
   12589254.1179417       6.287211328045677E-010
   13593563.9087853       5.654885908607007E-010
   14677992.6762207       5.082927409792986E-010
   15848931.9246111       4.566109498144897E-010
   17113283.0416178       4.099568337918231E-010
   18478497.9742229       3.678793167339959E-010
   19952623.1496888       3.299613898062287E-010
   21544346.9003188       2.958186512583801E-010
   23263050.6715362       2.650976918479176E-010
   25118864.3150958       2.374743812229975E-010
   27122725.7933203       2.126521009942988E-010
   29286445.6462524       1.903599617418855E-010
   31622776.6016838       1.703510337664456E-010
   34145488.7383360       1.524006149519314E-010
   36869450.6451957       1.363045535908113E-010
   39810717.0553497       1.218776393545668E-010
   42986623.4708228       1.089520716864240E-010
   46415888.3361278       9.737601166538672E-011
   50118723.3627272       8.701222075753983E-011
   54116952.6546464       7.773678775341101E-011
   58434141.3373518       6.943794351614743E-011
   63095734.4480193       6.201496186758505E-011
   68129206.9057961       5.537714395846621E-011
   73564225.4459641       4.944288275186287E-011
   79432823.4724282       4.413880374911099E-011
   85769589.8590895       3.939897776482940E-011
   92611872.8128794       3.516420137741969E-011
   100000000.000000       3.138134061439995E-011
