  9.8326E+01   5.9555E-14
  1.0344E+02   5.9408E-14
  1.1246E+02   5.9411E-14
  1.2764E+02   5.9565E-14
  1.4415E+02   5.9569E-14
  1.6909E+02   5.9874E-14
  2.0293E+02   5.9285E-14
  2.3565E+02   5.9291E-14
  2.6144E+02   5.9147E-14
  2.9227E+02   5.9151E-14
  3.4199E+02   5.8569E-14
  3.9214E+02   5.7414E-14
  4.4285E+02   5.7562E-14
  5.0520E+02   5.7567E-14
  5.4787E+02   5.7283E-14
  6.2188E+02   5.6435E-14
  6.8646E+02   5.6439E-14
  7.7720E+02   5.6162E-14
  8.7771E+02   5.5746E-14
  1.0141E+03   5.4785E-14
  1.1308E+03   5.4652E-14
  1.3232E+03   5.3575E-14
  1.5483E+03   5.2258E-14
  1.7709E+03   5.2002E-14
  2.1145E+03   5.1491E-14
  2.3283E+03   5.1237E-14
  2.4932E+03   5.0603E-14
  2.9846E+03   4.9607E-14
  3.3964E+03   4.9118E-14
  3.6925E+03   4.9121E-14
  4.2020E+03   4.8273E-14
  4.8797E+03   4.7441E-14
  5.3866E+03   4.6972E-14
  6.0832E+03   4.6508E-14
  6.5804E+03   4.6163E-14
  7.3565E+03   4.5822E-14
  8.1414E+03   4.5143E-14
  8.9191E+03   4.4585E-14
