5.000000000000000104e-04 1.911799999811104658e-08
6.294627058970837449e-04 1.703593969771586328e-08
7.924465962305570410e-04 1.518067872912916252e-08
9.976311574844394601e-04 1.352709740974681035e-08
1.255943215754789719e-03 1.205295491431504638e-08
1.581138830084189697e-03 1.073861653460510382e-08
1.990535852767486708e-03 9.566686034060503143e-09
2.505936168136362312e-03 8.521687387085827732e-09
3.154786722400965138e-03 7.589821223832467793e-09
3.971641173621406895e-03 6.758774882215021807e-09
5.000000000000000104e-03 6.017600000687791976e-09
6.294627058970837449e-03 5.356528994115720019e-09
7.924465962305567157e-03 4.766771233790782601e-09
9.976311574844399371e-03 4.240521400866563700e-09
1.255943215754789719e-02 3.770870570291068400e-09
1.581138830084189567e-02 3.351690040848184595e-09
1.990535852767486708e-02 2.977541332551147398e-09
2.505936168136361011e-02 2.643597563509399919e-09
3.154786722400966525e-02 2.345571429543870440e-09
3.971641173621406895e-02 2.079650856736406513e-09
5.000000000000000278e-02 1.842439999950354169e-09
6.294627058970836408e-02 1.630921892343038645e-09
7.924465962305567157e-02 1.442439601498177646e-09
9.976311574844398677e-02 1.274610740760522671e-09
1.255943215754790065e-01 1.125290202987389056e-09
1.581138830084189706e-01 9.925651966971390925e-10
1.990535852767486014e-01 8.747166166531020195e-10
2.505936168136361220e-01 7.701867150886544801e-10
3.154786722400966248e-01 6.775752458249585625e-10
3.971641173621407450e-01 5.956262777320576131e-10
5.000000000000000000e-01 5.232000000141565889e-10
6.294627058970836408e-01 4.592168781473475042e-10
7.924465962305567990e-01 4.027945555792307280e-10
9.976311574844397567e-01 3.530748719892660100e-10
1.255943215754790065e+00 3.092898524086010800e-10
1.581138830084189761e+00 2.707703019891033614e-10
1.990535852767486125e+00 2.369136246905393038e-10
2.505936168136360997e+00 2.071716792750555580e-10
3.154786722400966692e+00 1.810639532687451587e-10
3.971641173621407894e+00 1.581619698530319638e-10
5.000000000000000000e+00 1.380840000592995038e-10
6.294627058970837297e+00 1.204879999483193559e-10
7.924465962305566435e+00 1.050800000517614478e-10
9.976311574844398677e+00 9.159199999274494898e-11
1.255943215754789755e+01 7.979200008335258076e-11
1.581138830084189628e+01 6.947199992859723763e-11
1.990535852767486702e+01 6.045199995149207355e-11
2.505936168136361175e+01 5.257200001236698039e-11
3.154786722400966426e+01 4.569200002161197120e-11
3.971641173621407006e+01 3.968880001972867713e-11
5.000000000000000000e+01 3.445079999908637031e-11
6.294627058970837652e+01 2.988359997936130251e-11
7.924465962305571054e+01 2.590360001105932685e-11
9.976311574844393704e+01 2.243720000864154754e-11
1.255943215754789861e+02 1.941960000677612239e-11
1.581138830084189806e+02 1.679479999584963045e-11
1.990535852767486631e+02 1.451199998703298056e-11
2.505936168136362312e+02 1.252840001363592196e-11
3.154786722400965004e+02 1.080600000310489250e-11
3.971641173621406438e+02 9.311200003160792171e-12
5.000000000000000000e+02 8.015199995024581334e-12
6.294627058970837652e+02 6.891999992890054788e-12
7.924465962305570201e+02 5.919200000195376245e-12
9.976311574844394272e+02 5.077600000257942312e-12
1.255943215754789890e+03 4.350000003739323115e-12
1.581138830084189749e+03 3.721799998109100415e-12
1.990535852767486631e+03 3.179600000119140971e-12
2.505936168136362539e+03 2.712199998108860844e-12
3.154786722400965118e+03 2.309679997922800756e-12
3.971641173621406779e+03 1.963439999796848766e-12
5.000000000000000000e+03 1.665920000900823753e-12
6.294627058970831058e+03 1.410639999427189679e-12
7.924465962305570429e+03 1.191840001091717353e-12
9.976311574844394272e+03 1.004560000193600767e-12
1.255943215754791163e+04 8.445200005784045491e-13
1.581138830084189613e+04 7.079599995806408809e-13
1.990535852767484539e+04 5.916000000042320542e-13
2.505936168136362539e+04 4.927200002788265546e-13
3.154786722400964936e+04 4.088399997293124679e-13
3.971641173621410417e+04 3.378639999411689227e-13
5.000000000000000000e+04 2.779799998343260256e-13
6.294627058970830694e+04 2.276359998477354975e-13
7.924465962305570429e+04 1.854640000519441668e-13
9.976311574844394636e+04 1.502199998906187078e-13
1.255943215754791017e+05 1.210719999176126055e-13
1.581138830084189540e+05 9.697199989159040078e-14
1.990535852767484612e+05 7.721200005761166006e-14
2.505936168136362394e+05 6.111999996627018438e-14
3.154786722400964936e+05 4.807599998060852044e-14
3.971641173621410853e+05 3.758399999086405842e-14
5.000000000000000000e+05 2.921239997334152442e-14
6.294627058970830403e+05 2.257079999131622533e-14
7.924465962305570720e+05 1.733400000399615127e-14
9.976311574844394345e+05 1.324240000863718833e-14
1.255943215754791163e+06 1.006239999869070584e-14
1.581138830084189773e+06 7.607199998909255671e-15
1.990535852767484728e+06 5.722799997976896616e-15
2.505936168136362452e+06 4.285599999636462190e-15
3.154786722400965169e+06 3.195560000229253040e-15
3.971641173621410970e+06 2.372919997561003710e-15
5.000000000000000000e+06 1.755400001242462125e-15
6.294627058970831335e+06 1.292919999346387043e-15
7.924465962305570953e+06 9.498000001792528355e-16
9.976311574844393879e+06 6.955999999956562387e-16
1.255943215754791163e+07 5.080000000515181108e-16
1.581138830084189586e+07 3.700519996321914363e-16
1.990535852767484635e+07 2.686999999349087279e-16
2.505936168136362359e+07 1.946600001293575510e-16
3.154786722400964797e+07 1.407279999122454723e-16
3.971641173621410877e+07 1.015359999784079645e-16
5.000000000000000000e+07 7.313199995597816143e-17
6.294627058970830590e+07 5.258800000807782255e-17
7.924465962305554748e+07 3.775960002638228869e-17
9.976311574844413996e+07 2.707519999735906529e-17
1.255943215754791051e+08 1.939040000884701773e-17
1.581138830084189773e+08 1.387119999156558606e-17
1.990535852767484486e+08 9.912400006971178960e-18
2.505936168136357367e+08 7.077200007982167244e-18
3.154786722400971651e+08 5.048800001874494185e-18
3.971641173621410728e+08 3.598719998630040794e-18
5.000000000000000000e+08 2.563479999161640783e-18
