   1995.26231496888       3.728471602172592E-025
   2154.43469003188       6.776995848525715E-024
   2326.30506715363       9.942315157637878E-023
   2511.88643150958       1.196236895998405E-021
   2712.27257933203       1.197981103309295E-020
   2928.64456462524       1.012360996509309E-019
   3162.27766016838       7.311114313742523E-019
   3414.54887383360       4.565592884289672E-018
   3686.94506451957       2.492305788208940E-017
   3981.07170553497       1.201354242731429E-016
   4298.66234708228       5.161276874820647E-016
   4641.58883361278       1.993469885026044E-015
   5011.87233627273       6.977509494379631E-015
   5411.69526546464       2.229685070447464E-014
   5843.41413373517       6.549597078221524E-014
   6309.57344480193       1.779789289043233E-013
   6812.92069057961       4.500453280922306E-013
   7356.42254459641       1.064728802133912E-012
   7943.28234724281       2.368658463755794E-012
   8576.95898590895       4.978155959703154E-012
   9261.18728128794       9.926727354088758E-012
   10000.0000000000       1.885561331119720E-011
   10797.7516232771       3.424227325083967E-011
   11659.1440117983       5.965335111547099E-011
   12589.2541179417       1.000000257599857E-010
   13593.5639087852       1.617661304646215E-010
   14677.9926762207       2.531744219996647E-010
   15848.9319246111       3.842550105687642E-010
   17113.2830416178       5.667829482795458E-010
   18478.4979742229       8.140595555939932E-010
   19952.6231496888       1.140523938383320E-009
   21544.3469003189       1.561196416795101E-009
   23263.0506715363       2.090972772951799E-009
   25118.8643150958       2.743805385526033E-009
   27122.7257933203       3.531822294927316E-009
   29286.4456462524       4.464445988853215E-009
   31622.7766016838       5.547578631300395E-009
   34145.4887383360       6.782918728757437E-009
   36869.4506451957       8.167465860541183E-009
   39810.7170553497       9.693255992345964E-009
   42986.6234708227       1.134735167051727E-008
   46415.8883361277       1.311209117038858E-008
   50118.7233627273       1.496558072273205E-008
   54116.9526546464       1.688239637578967E-008
   58434.1413373517       1.883444850979634E-008
   63095.7344480193       2.079195348956150E-008
   68129.2069057962       2.272445368107395E-008
   73564.2254459642       2.460182868720802E-008
   79432.8234724282       2.639524632203581E-008
   85769.5898590895       2.807801043677195E-008
   92611.8728128794       2.962627307684432E-008
   100000.000000000       3.101958953065244E-008
   107977.516232771       3.224130574621957E-008
   116591.440117983       3.327877766249765E-008
   125892.541179417       3.412343073622353E-008
   135935.639087852       3.477067501580001E-008
   146779.926762207       3.521969633821359E-008
   158489.319246111       3.547314755313436E-008
   171132.830416178       3.553676518342083E-008
   184784.979742229       3.541893679704456E-008
   199526.231496888       3.513024286368627E-008
   215443.469003189       3.468299432661466E-008
   232630.506715363       3.409078387956888E-008
   251188.643150958       3.336806532056207E-008
   271227.257933203       3.252977163264387E-008
   292864.456462524       3.159097882837422E-008
   316227.766016838       3.056661924669304E-008
   341454.887383360       2.947124502269482E-008
   368694.506451957       2.831883995054827E-008
   398107.170553497       2.712267599691669E-008
   429866.234708227       2.589520934526753E-008
   464158.883361277       2.464801007762866E-008
   501187.233627272       2.339171940387474E-008
   541169.526546464       2.213602865505496E-008
   584341.413373518       2.088967494851847E-008
   630957.344480193       1.966044936217446E-008
   681292.069057962       1.845521447037667E-008
   735642.254459642       1.727992905796424E-008
   794328.234724282       1.613967863896452E-008
   857695.898590895       1.503871100232513E-008
   926118.728128794       1.398047637204525E-008
   1000000.00000000       1.296767192269916E-008
   1079775.16232771       1.200229037781181E-008
   1165914.40117983       1.108567229429552E-008
   1258925.41179417       1.021856145832321E-008
   1359356.39087853       9.401162636150666E-009
   1467799.26762207       8.633200774491965E-009
   1584893.19246111       7.913980651886946E-009
   1711328.30416178       7.242445954514795E-009
   1847849.79742229       6.617236785699974E-009
   1995262.31496888       6.036744708836519E-009
   2154434.69003188       5.499164555126198E-009
   2326305.06715362       5.002542385252533E-009
   2511886.43150958       4.544819163303881E-009
   2712272.57933203       4.123869869261286E-009
   2928644.56462524       3.737537933252468E-009
   3162277.66016838       3.383665013567088E-009
   3414548.87383360       3.060116256955700E-009
   3686945.06451957       2.764801272252134E-009
   3981071.70553497       2.495691117045063E-009
   4298662.34708228       2.250831643564005E-009
   4641588.83361278       2.028353576634799E-009
   5011872.33627272       1.826479706494236E-009
   5411695.26546464       1.643529575599583E-009
   5843414.13373518       1.477922024407465E-009
   6309573.44480193       1.328175939271970E-009
   6812920.69057961       1.192909518626193E-009
   7356422.54459641       1.070838343576158E-009
   7943282.34724282       9.607725076733920E-010
   8576958.98590895       8.616130292850798E-010
   9261187.28128794       7.723477396555440E-010
   10000000.0000000       6.920468111618716E-010
   10797751.6232771       6.198580638754142E-010
   11659144.0117983       5.550021646171338E-010
   12589254.1179417       4.967678113490024E-010
   13593563.9087853       4.445069769696557E-010
   14677992.6762207       3.976302702878934E-010
   15848931.9246111       3.556024579839565E-010
   17113283.0416178       3.179381795486656E-010
   18478497.9742229       2.841978773098516E-010
   19952623.1496888       2.539839555020641E-010
   21544346.9003188       2.269371756998321E-010
   23263050.6715362       2.027332906170553E-010
   25118864.3150958       1.810799140888677E-010
   27122725.7933203       1.617136218268028E-010
   29286445.6462524       1.443972751200531E-010
   31622776.6016838       1.289175579087425E-010
   34145488.7383360       1.150827164601704E-010
   36869450.6451957       1.027204901323810E-010
   39810717.0553497       9.167622132263581E-011
   42986623.4708228       8.181113259571885E-011
   46415888.3361278       7.300075910517354E-011
   50118723.3627272       6.513352470643556E-011
   54116952.6546464       5.810945057061215E-011
   58434141.3373518       5.183898560546554E-011
   63095734.4480193       4.624194854685787E-011
   68129206.9057961       4.124657217621945E-011
   73564225.4459641       3.678864072904441E-011
   79432823.4724282       3.281071217157204E-011
   85769589.8590895       2.926141762668693E-011
   92611872.8128794       2.609483081740354E-011
   100000000.000000       2.326990096109496E-011
