   100.000000000000       2.931739452326747E-014
   107.977516232771       2.928923558348481E-014
   116.591440117983       2.925999097067682E-014
   125.892541179417       2.922962370232239E-014
   135.935639087853       2.919809401374099E-014
   146.779926762207       2.916535933410079E-014
   158.489319246111       2.913137431713764E-014
   171.132830416178       2.909609089938481E-014
   184.784979742229       2.905945836526209E-014
   199.526231496888       2.902142340975858E-014
   215.443469003188       2.898193020213759E-014
   232.630506715363       2.894092046413606E-014
   251.188643150958       2.889833358017107E-014
   271.227257933203       2.885410675324464E-014
   292.864456462524       2.880817520878020E-014
   316.227766016838       2.876047243195825E-014
   341.454887383360       2.871093040651896E-014
   368.694506451958       2.865947980972872E-014
   398.107170553497       2.860605011425468E-014
   429.866234708228       2.855056955629540E-014
   464.158883361278       2.849296495067368E-014
   501.187233627272       2.843316136416365E-014
   541.169526546464       2.837108169118995E-014
   584.341413373518       2.830664620251086E-014
   630.957344480194       2.823977214959640E-014
   681.292069057961       2.817037350054585E-014
   735.642254459641       2.809836085812504E-014
   794.328234724281       2.802364157268848E-014
   857.695898590895       2.794612002175725E-014
   926.118728128794       2.786569799385563E-014
   1000.00000000000       2.778227509455455E-014
   1079.77516232771       2.769574909106961E-014
   1165.91440117983       2.760601612729343E-014
   1258.92541179417       2.751297076940347E-014
   1359.35639087853       2.741650587687842E-014
   1467.79926762207       2.731651232816102E-014
   1584.89319246111       2.721287865832742E-014
   1711.32830416178       2.710549068348134E-014
   1847.84979742229       2.699423119086426E-014
   1995.26231496888       2.687897976521566E-014
   2154.43469003188       2.675961280379153E-014
   2326.30506715363       2.663600374989158E-014
   2511.88643150958       2.650802355363360E-014
   2712.27257933203       2.637554135388517E-014
   2928.64456462524       2.623842536887021E-014
   3162.27766016838       2.609654398406547E-014
   3414.54887383360       2.594976703126267E-014
   3686.94506451958       2.579796725805872E-014
   3981.07170553497       2.564102198943361E-014
   4298.66234708228       2.547881498114061E-014
   4641.58883361278       2.531123845857974E-014
   5011.87233627273       2.513819532547492E-014
   5411.69526546464       2.495960151468110E-014
   5843.41413373517       2.477538843906396E-014
   6309.57344480194       2.458550548392996E-014
   6812.92069057962       2.438992246449457E-014
   7356.42254459641       2.418863195193139E-014
   7943.28234724281       2.398165134398076E-014
   8576.95898590895       2.376902450211192E-014
   9261.18728128794       2.355082265518312E-014
   10000.0000000000       2.332714401129361E-014
   10797.7516232771       2.309811104704627E-014
   11659.1440117983       2.286386371953718E-014
   12589.2541179417       2.262454595611736E-014
   13593.5639087853       2.238028200347264E-014
   14677.9926762207       2.213113904704302E-014
   15848.9319246111       2.187707351007814E-014
   17113.2830416178       2.161786100469483E-014
   18478.4979742229       2.135301397698819E-014
   19952.6231496888       2.108169598299514E-014
   21544.3469003189       2.080264602036421E-014
   23263.0506715363       2.051412897672757E-014
   25118.8643150958       2.021392786872858E-014
   27122.7257933203       1.989938967918797E-014
   29286.4456462524       1.956752972393020E-014
   31622.7766016838       1.921519088855444E-014
   34145.4887383360       1.883924552061017E-014
   36869.4506451958       1.843682096675765E-014
   39810.7170553498       1.800552596506081E-014
   42986.6234708228       1.754365487380191E-014
   46415.8883361278       1.705034981687293E-014
   50118.7233627273       1.652570642873909E-014
   54116.9526546464       1.597081583443526E-014
   58434.1413373517       1.538774260255479E-014
   63095.7344480193       1.477944465007496E-014
   68129.2069057962       1.414964577275455E-014
   73564.2254459642       1.350267430795459E-014
   79432.8234724282       1.284328242340435E-014
   85769.5898590895       1.217645992646894E-014
   92611.8728128794       1.150725470734769E-014
   100000.000000000       1.084060941660762E-014
   107977.516232771       1.018122115519233E-014
   116591.440117983       9.533428171110559E-015
   125892.541179417       8.901125062012854E-015
   135935.639087853       8.287705928855999E-015
   146779.926762207       7.696033378308139E-015
   158489.319246111       7.128430228410214E-015
   171132.830416178       6.586690184778599E-015
   184784.979742229       6.072103547841669E-015
   199526.231496888       5.585494098849079E-015
   215443.469003189       5.127263608123995E-015
   232630.506715363       4.697440836228590E-015
   251188.643150958       4.295732393074370E-015
   271227.257933203       3.921573331421959E-015
   292864.456462524       3.574175843377932E-015
   316227.766016838       3.252574877389512E-015
   341454.887383360       2.955669885020961E-015
   368694.506451958       2.682262235552472E-015
   398107.170553498       2.431088102043524E-015
   429866.234708228       2.200846828734472E-015
   464158.883361278       1.990224942693363E-015
   501187.233627272       1.797916079821070E-015
   541169.526546464       1.622637164412527E-015
   584341.413373518       1.463141219884090E-015
   630957.344480193       1.318227202838086E-015
   681292.069057962       1.186747249336706E-015
   735642.254459642       1.067611706183409E-015
   794328.234724282       9.597922953431462E-016
   857695.898590895       8.623237297154096E-016
   926118.728128794       7.743040658969541E-016
   1000000.00000000       6.948940462796699E-016
   1079775.16232771       6.233156502275144E-016
   1165914.40117983       5.588500431312208E-016
   1258925.41179417       5.008350834675325E-016
   1359356.39087853       4.486625219408916E-016
   1467799.26762207       4.017750035072071E-016
   1584893.19246111       3.596629625736179E-016
   1711328.30416178       3.218614838352669E-016
   1847849.79742229       2.879471858834495E-016
   1995262.31496888       2.575351716930643E-016
   2154434.69003188       2.302760791448285E-016
   2326305.06715362       2.058532556279946E-016
   2511886.43150958       1.839800732759428E-016
   2712272.57933203       1.643973952953711E-016
   2928644.56462524       1.468711989611367E-016
   3162277.66016838       1.311903569826334E-016
   3414548.87383360       1.171645759423887E-016
   3686945.06451957       1.046224882207507E-016
   3981071.70553497       9.340989212772079E-017
   4298662.34708228       8.338813375652556E-017
   4641588.83361278       7.443262326138571E-017
   5011872.33627272       6.643147776592343E-017
   5411695.26546464       5.928428286289291E-017
   5843414.13373518       5.290096461541668E-017
   6309573.44480193       4.720076406903529E-017
   6812920.69057961       4.211130649511650E-017
   7356422.54459641       3.756775787890936E-017
   7943282.34724282       3.351206151502712E-017
   8576958.98590895       2.989224795958511E-017
   9261187.28128794       2.666181199591163E-017
   10000000.0000000       2.377915068743617E-017
   10797751.6232771       2.120705700757820E-017
   11659144.0117983       1.891226394510083E-017
   12589254.1179417       1.686503437918869E-017
   13593563.9087853       1.503879239773620E-017
   14677992.6762207       1.340979209246435E-017
   15848931.9246111       1.195682020395922E-017
   17113283.0416178       1.066092930774266E-017
   18478497.9742229       9.505198528802915E-018
   19952623.1496888       8.474519046859066E-018
   21544346.9003188       7.555401908533397E-018
   23263050.6715362       6.735805896346762E-018
   25118864.3150958       6.004983418967003E-018
   27122725.7933203       5.353342583478678E-018
   29286445.6462524       4.772323789705479E-018
   31622776.6016838       4.254289349940439E-018
   34145488.7383360       3.792424785948296E-018
   36869450.6451957       3.380650589911146E-018
   39810717.0553497       3.013543358164172E-018
   42986623.4708228       2.686265317139152E-018
   46415888.3361278       2.394501360874442E-018
   50118723.3627272       2.134402809677401E-018
   54116952.6546464       1.902537180897332E-018
   58434141.3373518       1.695843336081897E-018
   63095734.4480193       1.511591434787917E-018
   68129206.9057961       1.347347184681090E-018
   73564225.4459641       1.200939930916019E-018
   79432823.4724282       1.070434175714076E-018
   85769589.8590895       9.541041620782746E-019
   92611872.8128794       8.504111941814550E-019
   100000000.000000       7.579834015743445E-019
