      18.9400  1.68702e-18
      19.5082  4.85615e-18
      20.0934  7.43202e-18
      20.6962  1.02127e-17
      21.3171  1.35012e-17
      21.9566  1.70142e-17
      22.6153  2.03875e-17
      23.2938  2.34312e-17
      23.9926  2.61464e-17
      24.7124  2.86200e-17
      25.4538  3.09554e-17
      26.2174  3.32157e-17
      27.0039  3.54230e-17
      27.8140  3.76019e-17
      28.6484  3.97528e-17
      29.5079  4.18362e-17
      30.3931  4.38025e-17
      31.3049  4.55937e-17
      32.2441  4.71581e-17
      33.2114  4.84972e-17
      34.2077  4.96285e-17
      35.2340  5.05744e-17
      36.2910  5.13626e-17
      37.3797  5.20274e-17
      38.5011  5.25987e-17
      39.6561  5.30784e-17
      40.8458  5.34627e-17
      42.0712  5.37474e-17
      43.3333  5.39279e-17
      44.6333  5.39992e-17
      45.9723  5.39551e-17
      47.3515  5.37869e-17
      48.7720  5.34838e-17
      50.2352  5.30329e-17
      51.7422  5.24195e-17
      53.2945  5.16263e-17
      54.8933  5.06504e-17
      56.5401  4.95125e-17
      58.2363  4.82392e-17
      59.9834  4.68621e-17
      61.7829  4.54189e-17
      63.6364  4.39492e-17
      65.5455  4.24431e-17
      67.5119  4.08574e-17
      69.5372  3.91402e-17
      71.6233  3.72644e-17
      73.7720  3.52846e-17
      75.9852  3.32794e-17
      78.2647  3.13379e-17
      80.6127  2.94975e-17
      83.0311  2.77527e-17
      85.5220  2.60982e-17
      88.0876  2.45301e-17
      90.7303  2.30463e-17
      93.4522  2.16471e-17
      96.2557  2.03292e-17
      99.1434  1.90851e-17
      102.118  1.79080e-17
      105.181  1.67931e-17
      108.337  1.57374e-17
      111.587  1.47405e-17
      114.934  1.38053e-17
      118.382  1.29385e-17
      121.934  1.21420e-17
      125.592  1.14053e-17
      129.360  1.07179e-17
      133.240  1.00710e-17
      137.238  9.45761e-18
      141.355  8.87216e-18
      145.595  8.31114e-18
      149.963  7.77312e-18
      154.462  7.25928e-18
      159.096  6.77417e-18
      163.869  6.32683e-18
      168.785  5.92443e-18
      173.848  5.55806e-18
      179.064  5.21797e-18
      184.436  4.89641e-18
      189.969  4.58741e-18
      195.668  4.28653e-18
      201.538  3.99071e-18
      207.584  3.69826e-18
      213.812  3.40897e-18
      220.226  3.12450e-18
      226.833  2.84907e-18
      233.638  2.59092e-18
      240.647  2.36292e-18
      247.866  2.16423e-18
      255.302  1.98455e-18
      262.961  1.81684e-18
      270.850  1.65690e-18
      278.976  1.50299e-18
      287.345  1.35604e-18
      295.965  1.22054e-18
      353.490  5.91870e-19
      369.920  4.58720e-19
      384.540  3.68420e-19
      400.830  2.80150e-19
      418.060  2.16550e-19
      431.930  1.75860e-19
      445.280  1.43990e-19
      463.650  1.14080e-19
      480.920  9.36540e-20
      500.170  7.08350e-20
      524.540  5.19830e-20
      544.660  4.16400e-20
      567.760  3.27210e-20
      590.510  2.55740e-20
      616.560  1.96620e-20
      640.560  1.56640e-20
      659.990  1.29320e-20
      683.400  1.04450e-20
      709.200  8.16430e-21
      741.760  6.48610e-21
      771.480  5.06960e-21
      797.070  4.11740e-21
      826.750  3.38980e-21
      861.340  2.69320e-21
      884.460  2.19960e-21
      909.270  1.85620e-21
      945.220  1.49930e-21
      970.120  1.28270e-21
      995.660  1.07950e-21
