      23.0900  1.89600e-18
      23.7827  2.59084e-18
      24.4962  3.27859e-18
      25.2311  3.97211e-18
      25.9880  4.72133e-18
      26.7676  5.52632e-18
      27.5707  6.28967e-18
      28.3978  6.91123e-18
      29.2497  7.42582e-18
      30.1272  7.94154e-18
      31.0310  8.46848e-18
      31.9620  8.96344e-18
      32.9208  9.40157e-18
      33.9084  9.78111e-18
      34.9257  1.01025e-17
      35.9735  1.03712e-17
      37.0527  1.05954e-17
      38.1642  1.07846e-17
      39.3092  1.09452e-17
      40.4884  1.10829e-17
      41.7031  1.12052e-17
      42.9542  1.13193e-17
      44.2428  1.14270e-17
      45.5701  1.15271e-17
      46.9372  1.16185e-17
      48.3453  1.17000e-17
      49.7957  1.17709e-17
      51.2895  1.18322e-17
      52.8282  1.18858e-17
      54.4131  1.19338e-17
      56.0455  1.19779e-17
      57.7268  1.20167e-17
      59.4586  1.20483e-17
      61.2424  1.20703e-17
      63.0797  1.20799e-17
      64.9720  1.20744e-17
      66.9212  1.20539e-17
      68.9288  1.20192e-17
      70.9967  1.19715e-17
      73.1266  1.19124e-17
      75.3204  1.18439e-17
      77.5800  1.17675e-17
      79.9074  1.16844e-17
      82.3046  1.15962e-17
      84.7738  1.15045e-17
      87.3170  1.14115e-17
      89.9365  1.13193e-17
      92.6346  1.12273e-17
      95.4136  1.11346e-17
      98.2760  1.10396e-17
      101.224  1.09408e-17
      104.261  1.08361e-17
      107.389  1.07236e-17
      110.611  1.06031e-17
      113.929  1.04755e-17
      117.347  1.03420e-17
      120.867  1.02040e-17
      124.493  1.00633e-17
      128.228  9.92164e-18
      132.075  9.77949e-18
      136.037  9.63660e-18
      140.118  9.49267e-18
      144.322  9.34738e-18
      148.651  9.20036e-18
      153.111  9.05120e-18
      157.704  8.89947e-18
      162.435  8.74513e-18
      167.308  8.58836e-18
      172.328  8.42937e-18
      177.497  8.26847e-18
      182.822  8.10605e-18
      188.307  7.94263e-18
      193.956  7.77887e-18
      199.775  7.61550e-18
      205.768  7.45270e-18
      211.941  7.29045e-18
      218.299  7.12877e-18
      224.848  6.96782e-18
      231.594  6.80786e-18
      238.542  6.64931e-18
      245.698  6.49278e-18
      253.069  6.33919e-18
      260.661  6.18921e-18
      268.481  6.04247e-18
      276.535  5.89848e-18
      284.831  5.75687e-18
      293.376  5.61738e-18
      302.177  5.47993e-18
      311.242  5.34464e-18
      320.580  5.21187e-18
      330.197  5.08236e-18
      340.103  4.95725e-18
      350.306  4.83715e-18
      360.815  4.72103e-18
      371.640  4.60789e-18
      382.789  4.49686e-18
      394.273  4.38726e-18
      406.101  4.27859e-18
      418.284  4.17052e-18
      430.832  4.06298e-18
      443.757  3.95618e-18
      457.070  3.85072e-18
      470.782  3.74770e-18
      484.906  3.64897e-18
      499.453  3.55532e-18
      514.436  3.46524e-18
      529.869  3.37735e-18
      545.765  3.29064e-18
      562.138  3.20440e-18
      579.002  3.11820e-18
      596.372  3.03194e-18
      614.264  2.94591e-18
      632.692  2.86095e-18
      651.672  2.77872e-18
      671.222  2.70204e-18
      691.359  2.63141e-18
      712.100  2.56438e-18
      733.463  2.49915e-18
      755.467  2.43447e-18
      778.131  2.36954e-18
      801.474  2.30384e-18
      825.519  2.23714e-18
      850.284  2.16945e-18
      875.793  2.10116e-18
      902.066  2.03325e-18
      929.128  1.96781e-18
      957.002  1.90922e-18
      985.712  1.86654e-18
      1015.28  1.85884e-18
      1045.74  1.92677e-18
