      31.9700  5.57401e-18
      32.9291  7.55146e-18
      33.9170  9.47135e-18
      34.9345  1.12979e-17
      35.9825  1.29891e-17
      37.0620  1.45116e-17
      38.1739  1.58858e-17
      39.3191  1.71512e-17
      40.4986  1.83572e-17
      41.7136  1.95630e-17
      42.9650  2.08397e-17
      44.2539  2.22534e-17
      45.5816  2.37911e-17
      46.9490  2.54053e-17
      48.3575  2.70385e-17
      49.8082  2.86247e-17
      51.3024  3.01290e-17
      52.8415  3.15635e-17
      54.4268  3.29464e-17
      56.0596  3.42999e-17
      57.7413  3.56496e-17
      59.4736  3.70053e-17
      61.2578  3.83596e-17
      63.0955  3.97032e-17
      64.9884  4.10255e-17
      66.9380  4.23176e-17
      68.9462  4.35773e-17
      71.0146  4.48028e-17
      73.1450  4.59926e-17
      75.3393  4.71359e-17
      77.5995  4.81985e-17
      79.9275  4.91379e-17
      82.3253  4.99106e-17
      84.7951  5.05219e-17
      87.3389  5.10067e-17
      89.9591  5.14068e-17
      92.6579  5.17433e-17
      95.4376  5.20082e-17
      98.3007  5.21907e-17
      101.250  5.22784e-17
      104.287  5.22663e-17
      107.416  5.21714e-17
      110.638  5.20176e-17
      113.957  5.18321e-17
      117.376  5.16252e-17
      120.897  5.13945e-17
      124.524  5.11372e-17
      128.260  5.08497e-17
      132.108  5.05291e-17
      136.071  5.01768e-17
      140.153  4.97971e-17
      144.358  4.93953e-17
      148.689  4.89778e-17
      153.149  4.85524e-17
      157.744  4.81278e-17
      162.476  4.77073e-17
      167.350  4.72884e-17
      172.371  4.68680e-17
      177.542  4.64425e-17
      182.868  4.60075e-17
      188.354  4.55582e-17
      194.005  4.50886e-17
      199.825  4.45920e-17
      205.820  4.40663e-17
      211.994  4.35131e-17
      218.354  4.29341e-17
      224.905  4.23318e-17
      231.652  4.17086e-17
      238.601  4.10680e-17
      245.759  4.04140e-17
      253.132  3.97515e-17
      260.726  3.90868e-17
      268.548  3.84243e-17
      276.604  3.77619e-17
      284.902  3.70964e-17
      293.450  3.64243e-17
      302.253  3.57420e-17
      311.321  3.50455e-17
      320.660  3.43300e-17
      330.280  3.35903e-17
      340.188  3.28232e-17
      350.394  3.20301e-17
      360.906  3.12133e-17
      371.733  3.03757e-17
      382.885  2.95211e-17
      394.371  2.86541e-17
      406.203  2.77785e-17
      418.389  2.68959e-17
      430.940  2.60097e-17
      443.868  2.51252e-17
      457.185  2.42490e-17
      470.900  2.33847e-17
      485.027  2.25378e-17
      499.578  2.17186e-17
      514.565  2.09358e-17
      530.002  2.01806e-17
      545.902  1.94431e-17
      562.279  1.87154e-17
      579.148  1.79921e-17
      596.522  1.72698e-17
      614.418  1.65472e-17
      632.850  1.58261e-17
      651.836  1.51115e-17
      671.391  1.44144e-17
      691.532  1.37541e-17
      712.278  1.31607e-17
      733.647  1.26353e-17
      755.656  1.21538e-17
      778.326  1.16988e-17
      801.675  1.12583e-17
      825.726  1.08250e-17
      850.497  1.03952e-17
      876.012  9.96907e-18
      902.293  9.55158e-18
      929.361  9.15531e-18
      957.242  8.80644e-18
      985.959  8.55704e-18
