6.8e+00 1e-25
6.871000000000000441e+00 3.545000000000000165e-17
6.899000000000000021e+00 3.779999999999999916e-17
6.918000000000000149e+00 4.683000000000000119e-17
6.998999999999999666e+00 4.374000000000000299e-17
7.118000000000000327e+00 5.205000000000000268e-17
7.171999999999999709e+00 5.636000000000000517e-17
7.224000000000000199e+00 6.229999999999999668e-17
7.306000000000000050e+00 6.654000000000000493e-17
7.400000000000000355e+00 7.295999999999999388e-17
7.658000000000000362e+00 8.111000000000000059e-17
7.727999999999999758e+00 9.683000000000000014e-17
7.746000000000000441e+00 9.353999999999999993e-17
7.812000000000000277e+00 8.859000000000000085e-17
8.013999999999999346e+00 1.059000000000000050e-16
8.211000000000000298e+00 1.122999999999999956e-16
8.301999999999999602e+00 1.218999999999999939e-16
8.576999999999999957e+00 1.335999999999999917e-16
8.775999999999999801e+00 1.415999999999999984e-16
9.064999999999999503e+00 1.533999999999999880e-16
9.365999999999999659e+00 1.682000000000000017e-16
9.816000000000000725e+00 1.796999999999999914e-16
9.898999999999999133e+00 1.904999999999999894e-16
1.006799999999999962e+01 1.973999999999999881e-16
1.060899999999999999e+01 2.125999999999999935e-16
1.099200000000000088e+01 2.340999999999999977e-16
1.150200000000000067e+01 2.520999999999999944e-16
1.203599999999999959e+01 2.703000000000000239e-16
1.215700000000000003e+01 2.814999999999999889e-16
1.297700000000000031e+01 2.907000000000000201e-16
1.357900000000000063e+01 2.875999999999999796e-16
1.429100000000000037e+01 2.964999999999999862e-16
1.464000000000000057e+01 2.921999999999999952e-16
1.502200000000000024e+01 2.911999999999999789e-16
1.547199999999999953e+01 2.933000000000000032e-16
1.610000000000000142e+01 2.911999999999999789e-16
1.635000000000000142e+01 2.801000000000000056e-16
1.718599999999999994e+01 2.741999999999999985e-16
1.745299999999999940e+01 2.675000000000000080e-16
1.803200000000000003e+01 2.550000000000000021e-16
1.858099999999999952e+01 2.455999999999999874e-16
1.933699999999999974e+01 2.395999999999999885e-16
1.983399999999999963e+01 2.345000000000000141e-16
2.067000000000000171e+01 2.274999999999999989e-16
2.135600000000000165e+01 2.173000000000000008e-16
2.187399999999999878e+01 2.139000000000000097e-16
2.231599999999999895e+01 2.092000000000000023e-16
2.305600000000000094e+01 1.998000000000000123e-16
2.371199999999999974e+01 1.870999999999999982e-16
2.424699999999999989e+01 1.798000000000000078e-16
2.425300000000000011e+01 1.786999999999999998e-16
2.505699999999999861e+01 1.706999999999999930e-16
2.585600000000000165e+01 1.556000000000000040e-16
2.647599999999999909e+01 1.538000000000000044e-16
2.743499999999999872e+01 1.410999999999999903e-16
2.814999999999999858e+01 1.355000000000000078e-16
2.895499999999999829e+01 1.311000000000000004e-16
3.004899999999999949e+01 1.253000000000000097e-16
3.099399999999999977e+01 1.191000000000000026e-16
3.238400000000000034e+01 1.100000000000000002e-16
3.318599999999999994e+01 1.071999999999999966e-16
3.461599999999999966e+01 1.013000000000000018e-16
3.576400000000000290e+01 9.257000000000000586e-17
3.659899999999999665e+01 9.038000000000000134e-17
3.704999999999999716e+01 8.441999999999999915e-17
3.827900000000000347e+01 8.062000000000000397e-17
3.912199999999999989e+01 7.729999999999999390e-17
4.000000000000000000e+01 7.323999999999999547e-17
4.182000000000000028e+01 6.732000000000000232e-17
4.275800000000000267e+01 6.469999999999999623e-17
4.336099999999999710e+01 6.107999999999999855e-17
4.512700000000000244e+01 5.554999999999999793e-17
4.512700000000000244e+01 5.817000000000000402e-17
4.641599999999999682e+01 5.202999999999999817e-17
4.871999999999999886e+01 4.869000000000000207e-17
5.004099999999999682e+01 4.522999999999999737e-17
5.169500000000000028e+01 4.185999999999999759e-17
5.349099999999999966e+01 3.945999999999999803e-17
5.514600000000000080e+01 3.793000000000000078e-17
5.706300000000000239e+01 3.566000000000000284e-17
5.836500000000000199e+01 3.297000000000000252e-17
6.167699999999999960e+01 3.148000000000000197e-17
6.302000000000000313e+01 2.965999999999999779e-17
6.527700000000000102e+01 2.726000000000000132e-17
6.794299999999999784e+01 2.506000000000000070e-17
6.917499999999999716e+01 2.364999999999999973e-17
7.262699999999999534e+01 2.204999999999999900e-17
7.488299999999999557e+01 2.088999999999999901e-17
7.773300000000000409e+01 1.944000000000000133e-17
8.046500000000000341e+01 1.777000000000000020e-17
8.297599999999999909e+01 1.662999999999999856e-17
8.624299999999999500e+01 1.531999999999999860e-17
8.922899999999999920e+01 1.371999999999999941e-17
9.206000000000000227e+01 1.288999999999999997e-17
9.511400000000000432e+01 1.176000000000000059e-17
9.723399999999999466e+01 1.120999999999999967e-17
1.004599999999999937e+02 1.021999999999999954e-17
1.039380000000000024e+02 9.552999999999999935e-18
1.084590000000000032e+02 8.453999999999999851e-18
1.120570000000000022e+02 7.709999999999999804e-18
1.160840000000000032e+02 6.904999999999999851e-18
1.216440000000000055e+02 6.026000000000000137e-18
1.289079999999999870e+02 5.300999999999999758e-18
1.331839999999999975e+02 4.682000000000000201e-18
1.391719999999999970e+02 3.951000000000000008e-18
1.439910000000000139e+02 3.481999999999999653e-18
1.487669999999999959e+02 2.938000000000000082e-18
1.521810000000000116e+02 2.674000000000000177e-18
1.552379999999999995e+02 2.404000000000000073e-18
1.624449999999999932e+02 2.123000000000000182e-18
1.680689999999999884e+02 1.819999999999999945e-18
1.738660000000000139e+02 1.552999999999999941e-18
1.798859999999999957e+02 1.291999999999999943e-18
1.821930000000000121e+02 1.157999999999999924e-18
1.863750000000000000e+02 1.056000000000000005e-18
1.925569999999999879e+02 9.903000000000000384e-19
1.000000000000000000e+03 7.917853218567117471e-22
1.289079999999999586e+02 5.467299660381680952e-18
1.344118083570834017e+02 4.564808501163667922e-18
1.401506052830027897e+02 3.811292218586976566e-18
1.461344237629022302e+02 3.182159420654535547e-18
1.523737251465544205e+02 2.656878034456900118e-18
1.588794174376577359e+02 2.218305231397740910e-18
1.656628743640077914e+02 1.852127962152600558e-18
1.727359552618814007e+02 1.546395842931870899e-18
1.801110258093968071e+02 1.291131148550719938e-18
1.878009796450984936e+02 1.078003184228259915e-18
1.958192609095596026e+02 9.000564090725347671e-19
2.041798877494139219e+02 7.514834384209194217e-19
2.128974768249064198e+02 6.274355168503853965e-19
2.219872688638091631e+02 5.238642765468403832e-19
2.314651553063787901e+02 4.373896167363228693e-19
2.413477060879351654e+02 3.651893923552197299e-19
2.516521986076367909e+02 3.049073118925239512e-19
2.623966479340952560e+02 2.545760386027203245e-19
2.735998383006385097e+02 2.125529854577480546e-19
2.852813559452822574e+02 1.774667084733201181e-19
2.974616233528267344e+02 1.481721489280867579e-19
3.101619349589404351e+02 1.237132637824711897e-19
3.234044943786520889e+02 1.032918247216576741e-19
3.372124532243368549e+02 8.624136756338276016e-20
3.516099515810619778e+02 7.200544185606682001e-20
3.666221602100497989e+02 6.011945083172441066e-20
3.822753245540475291e+02 5.019548905113206248e-20
3.985968106215321427e+02 4.190968291002316473e-20
4.156151528299723168e+02 3.499162085719511901e-20
4.333601038917847745e+02 2.921552837425215683e-20
4.518626868302072239e+02 2.439289970790867810e-20
4.711552492160194561e+02 2.036634588763712266e-20
4.912715197199359523e+02 1.700445825554682724e-20
5.122466670795381560e+02 1.419751987714972652e-20
5.341173615838398518e+02 1.185392487269095639e-20
5.569218391829687107e+02 9.897188812079328350e-21
5.806999683350578607e+02 8.263452606116578883e-21
6.054933197072032272e+02 6.899398432229150167e-21
6.313452388523510308e+02 5.760509679865612909e-21
6.583009219891650901e+02 4.809618127982838180e-21
6.864074950173690013e+02 4.015690941007289302e-21
7.157140959066956611e+02 3.352817896262182632e-21
7.462719606034848994e+02 2.799365790504833113e-21
7.781345126051171519e+02 2.337272429196102487e-21
8.113574563588881574e+02 1.951457157478158818e-21
8.459988746485988713e+02 1.629328695235830889e-21
8.821193301391359682e+02 1.360374214184411370e-21
9.197819712565570853e+02 1.135816246303815283e-21
9.590526425887982214e+02 9.483262266486970823e-22
