      14.6648  1.18392e-18
      15.1048  3.02794e-18
      15.5579  4.93687e-18
      16.0246  6.90693e-18
      16.5054  8.93254e-18
      17.0005  1.10079e-17
      17.5105  1.31249e-17
      18.0359  1.52741e-17
      18.5769  1.74445e-17
      19.1342  1.96228e-17
      19.7083  2.17934e-17
      20.2995  2.39383e-17
      20.9085  2.60464e-17
      21.5358  2.81454e-17
      22.1818  3.02809e-17
      22.8473  3.25062e-17
      23.5327  3.48853e-17
      24.2387  3.74926e-17
      24.9658  4.04149e-17
      25.7148  4.37526e-17
      26.4863  4.75282e-17
      27.2808  5.16449e-17
      28.0993  5.59737e-17
      28.9422  6.03614e-17
      29.8105  6.46237e-17
      30.7048  6.85436e-17
      31.6260  7.19829e-17
      32.5748  7.49439e-17
      33.5520  7.74454e-17
      34.5586  7.95158e-17
      35.5953  8.11924e-17
      36.6632  8.25183e-17
      37.7631  8.35286e-17
      38.8960  8.42645e-17
      40.0628  8.47778e-17
      41.2647  8.51318e-17
      42.5027  8.53739e-17
      43.7777  8.55123e-17
      45.0911  8.55532e-17
      46.4438  8.55050e-17
      47.8371  8.53781e-17
      49.2722  8.51860e-17
      50.7504  8.49449e-17
      52.2729  8.46669e-17
      53.8411  8.43527e-17
      55.4563  8.40023e-17
      57.1200  8.36156e-17
      58.8336  8.31927e-17
      60.5986  8.27341e-17
      62.4166  8.22402e-17
      64.2891  8.17103e-17
      66.2177  8.11438e-17
      68.2043  8.05399e-17
      70.2504  7.98981e-17
      72.3579  7.92186e-17
      74.5286  7.85048e-17
      76.7645  7.77616e-17
      79.0674  7.69949e-17
      81.4394  7.62117e-17
      83.8826  7.54134e-17
      86.3991  7.45943e-17
      88.9911  7.37474e-17
      91.6608  7.28640e-17
      94.4106  7.19259e-17
      97.2430  7.09010e-17
      100.160  6.97509e-17
      103.165  6.84377e-17
      106.260  6.69876e-17
      109.448  6.54706e-17
      112.731  6.39664e-17
      116.113  6.25037e-17
      119.597  6.10606e-17
      123.184  5.96100e-17
      126.880  5.81210e-17
      130.686  5.65836e-17
      134.607  5.50094e-17
      138.645  5.34132e-17
      142.805  5.18135e-17
      147.089  5.02327e-17
      151.501  4.86988e-17
      156.046  4.72346e-17
      160.728  4.58285e-17
      165.550  4.44598e-17
      170.516  4.31053e-17
      175.631  4.17386e-17
      180.900  4.03444e-17
      186.327  3.89459e-17
      191.917  3.75782e-17
      197.675  3.62857e-17
      203.605  3.51232e-17
      209.713  3.41151e-17
      216.005  3.32393e-17
      222.485  3.24719e-17
      229.159  3.17897e-17
      236.034  3.11696e-17
      243.115  3.05877e-17
      250.408  3.00184e-17
      257.921  2.94394e-17
      265.658  2.88474e-17
      273.628  2.82440e-17
      281.837  2.76316e-17
      290.292  2.70138e-17
      299.001  2.63961e-17
      307.971  2.57857e-17
      317.210  2.51874e-17
      326.726  2.46065e-17
      336.528  2.40526e-17
      346.624  2.35417e-17
      357.022  2.30971e-17
      367.733  2.27156e-17
      378.765  2.23734e-17
      390.128  2.20484e-17
      401.832  2.17178e-17
      413.887  2.13580e-17
      426.303  2.09656e-17
      439.092  2.05490e-17
      452.265  2.01168e-17
      465.833  1.96782e-17
      479.808  1.92461e-17
      494.202  1.88400e-17
      509.028  1.84922e-17
      524.299  1.82140e-17
      540.028  1.79679e-17
      556.229  1.77138e-17
      572.916  1.74034e-17
      590.103  1.69631e-17
      607.806  1.62752e-17
      626.040  1.53731e-17
      644.822  1.44727e-17
      664.166  1.38552e-17
      684.091  1.39965e-17
